2002000
106
1 40000 1369 1559 900 1440 1056 1245 1446 606 1075 1142 701 717 298 743 1128 1528 1192 1455 1037 1363 124 70 174 895 551 1396 921 27 1165 765 1414 665 
2 24000 636 171 419 973 681 432 31 369 435 430 504 239 756 1050 592 44 527 133 461 490 
3 38000 1536 797 1568 1267 1231 993 622 372 2279 234 126 50 1421 1926 667 1484 1947 1731 1573 1607 1236 2309 2283 1727 36 484 73 1446 846 276 1434 1242 2144 940 1314 1634 1560 690 1876 1042 855 105 1755 481 1312 
4 50000 59 942 1102 652 485 83 1013 1361 736 1157 326 1000 1203 616 62 333 1044 61 233 1056 1248 1358 1364 888 119 525 
5 50000 808 431 800 2442 85 1128 2446 1095 1528 1692 1124 2018 2304 2640 80 750 130 789 15 1668 2093 2523 2206 2830 2865 2262 2115 1421 1420 874 16 1440 500 348 967 2801 2163 1533 2810 989 1660 2118 1579 1234 1138 1472 1364 1596 905 1815 1833 1545 641 324 1526 
6 41000 676 274 19 584 717 238 364 764 990 537 899 110 66 898 371 801 853 669 200 374 
7 46000 277 482 915 634 555 1046 80 1063 741 1423 1419 989 912 920 417 95 372 295 474 1025 61 1216 1372 1035 321 371 880 
8 64000 177 364 501 553 179 405 549 324 246 734 558 80 838 1045 140 554 598 818 448 862 
9 46000 486 380 870 706 836 311 300 674 38 885 484 564 514 775 649 74 148 779 241 578 
10 60000 2805 2960 1317 1136 697 1433 349 875 708 842 2089 1812 56 1092 242 1027 727 1995 1258 735 1139 988 2642 1743 2316 188 1358 703 449 501 2677 104 432 2090 207 1822 1091 775 1093 1007 1090 2719 2604 332 2508 1659 921 387 1859 2112 2202 2381 1677 350 856 747 2000 
11 38000 1252 2305 1744 626 3180 744 2384 2870 1569 1741 1771 1810 2678 658 1300 3062 2720 655 367 2534 1058 2150 161 609 316 1659 1670 3119 2832 2786 1854 2335 1994 2634 516 3089 1500 1688 1103 1723 2822 2590 2471 2784 1460 2099 2036 861 133 3100 22 2357 3044 1188 341 2039 2614 420 856 2375 
12 40000 542 571 380 932 842 305 101 801 791 126 725 1024 205 112 71 840 779 370 836 1060 
13 44000 401 1042 1005 222 434 127 921 826 278 612 462 284 1048 34 362 289 473 154 701 358 
14 51000 669 475 611 997 14 620 496 729 72 1191 22 800 77 263 264 583 216 35 921 275 709 665 102 
15 70000 240 816 698 863 910 925 430 927 768 865 118 255 202 942 200 502 551 871 933 163 
16 51000 1003 134 906 894 543 1033 27 864 632 373 810 187 909 22 866 409 759 182 683 760 
17 45000 741 674 764 814 367 307 426 363 99 294 913 759 992 97 479 159 636 74 317 187 
18 33000 293 492 1054 980 233 968 272 625 718 357 115 571 631 493 827 204 128 526 175 611 
19 51000 2217 651 526 1311 155 1856 1596 561 2455 558 296 54 1662 1660 988 678 331 1197 1954 1053 198 2160 2132 814 504 409 1522 1782 1398 2233 1777 1391 1916 1049 2093 667 1865 739 492 1712 1793 1009 2208 274 2260 302 2023 267 
20 42000 239 799 803 38 1045 849 614 902 108 984 985 59 307 370 739 306 954 533 438 62 
21 24000 290 510 974 781 730 55 676 422 665 1003 784 543 1017 591 339 1051 331 532 327 943 
22 46000 596 169 717 687 393 691 275 1003 1046 531 129 783 289 23 332 724 44 643 561 992 
23 43000 869 704 1056 725 331 60 742 21 226 81 979 958 497 708 967 531 850 1050 377 716 
24 34000 274 563 246 150 140 515 310 1036 872 975 192 703 8 149 373 7 678 812 357 160 
25 49000 1222 30 1001 157 1083 646 547 871 1235 935 334 741 1031 113 554 723 1228 690 746 468 1298 569 993 439 182 819 990 
26 46000 980 131 1050 672 937 1005 240 1028 610 178 87 821 927 274 1027 477 73 992 323 520 
27 58000 729 224 1437 1267 15 1222 2218 508 1624 383 175 488 1194 1868 1430 1935 1221 1943 781 362 1115 73 1612 994 539 96 474 182 2206 573 1105 43 879 767 996 1698 644 1363 1497 1341 2085 481 1202 
28 63000 786 6 689 49 749 1041 240 478 685 559 99 972 823 456 715 747 386 26 416 879 
29 68000 656 195 473 1012 197 975 591 145 359 118 563 450 102 562 227 91 67 316 347 829 
30 41000 202 557 899 519 230 406 27 878 539 923 994 913 981 737 727 772 740 3 418 860 
31 41000 265 565 920 700 904 351 56 884 706 369 127 187 129 103 1032 741 48 195 585 1012 
32 56000 708 913 533 858 817 137 784 148 395 734 492 846 453 95 120 402 209 292 266 497 
33 19000 933 31 394 1036 946 77 1009 306 252 447 951 734 886 218 179 202 573 678 458 972 
34 45000 724 516 150 227 821 112 492 1056 992 183 912 1025 52 278 853 801 60 169 282 987 
35 47000 1057 679 504 841 985 984 179 15 878 453 605 608 849 589 1050 632 896 752 373 583 
36 55000 925 307 700 763 564 696 347 674 323 1027 851 226 189 986 219 75 311 870 305 222 
37 28000 210 394 434 817 571 636 980 27 827 289 678 959 829 176 640 779 284 782 710 287 
38 26000 665 560 714 518 542 8 65 408 343 134 670 555 595 604 217 388 869 476 186 954 
39 50000 151 675 712 177 453 646 173 809 469 375 794 1025 655 310 538 543 970 239 72 893 
40 64000 139 602 610 804 814 88 743 99 304 977 683 989 928 270 467 846 1019 123 725 124 
41 49000 176 41 689 292 429 907 470 875 58 193 289 95 517 785 100 179 106 431 449 735 
42 54000 419 821 615 205 133 645 407 314 658 396 733 925 653 285 931 794 465 998 69 76 
43 48000 1180 225 803 413 173 191 762 1256 1037 450 60 402 134 887 1011 390 891 355 909 900 33 923 1276 948 1059 
44 24000 289 549 288 500 943 352 613 131 522 55 535 596 1056 787 988 886 588 732 221 195 
45 29000 342 296 582 943 546 638 134 705 696 108 439 462 294 999 653 553 88 532 598 374 
46 49000 134 1059 1465 1145 2022 1108 2498 2229 2318 1036 2046 1197 249 2128 1520 1337 984 137 1241 2293 368 426 1443 617 2481 48 1077 1716 1045 773 1513 839 1634 1692 1415 2302 893 1248 909 505 91 2056 188 1320 1286 258 2016 2388 
47 33000 49 821 728 605 474 421 409 490 177 1044 767 889 450 427 833 390 509 647 915 446 
48 37000 233 473 278 869 1001 244 346 291 33 424 277 786 680 1034 430 8 836 92 581 492 
49 68000 490 678 321 695 559 99 971 772 371 598 581 221 974 545 90 518 750 548 549 112 
50 41000 2358 1841 750 660 1548 1055 1112 1516 27 957 904 1925 1018 2032 1383 360 1105 321 290 2220 470 2326 1982 1027 1771 1207 2513 1239 1109 2417 940 2237 1583 2588 943 2418 1575 1176 949 793 903 451 160 1624 1461 414 1322 283 2386 
51 63000 928 856 1024 245 511 461 286 625 975 256 399 892 84 801 633 524 435 242 509 537 
52 50000 847 197 587 658 667 74 558 429 482 752 470 528 989 374 181 420 1032 1014 148 522 
53 22000 55 812 649 644 706 22 125 113 602 510 875 851 915 109 595 244 512 517 378 623 
54 57000 1909 466 1992 964 450 1033 2248 883 1845 2682 359 1681 77 415 711 545 22 1477 2326 1208 1662 1235 1841 100 1219 2673 1434 1985 563 759 646 1730 2114 1595 2351 1117 1838 2302 1123 2292 2659 523 1365 1974 290 947 1147 1840 1240 1367 1930 
55 42000 1996 1262 1274 2046 2353 2178 2688 2377 939 1803 185 1166 1267 1117 2002 2493 137 979 580 1514 714 2136 559 1165 870 1674 2579 1201 637 975 1637 1380 807 1007 2851 2656 1339 2668 227 1376 2984 1616 2512 1015 2992 2872 3019 199 294 915 988 1 1705 992 658 1599 2392 
56 48000 1002 592 37 384 936 926 148 234 594 537 107 601 353 59 808 612 298 876 681 706 
57 58000 72 274 196 1119 1141 609 260 473 47 886 366 872 94 836 810 390 989 680 345 1134 440 1193 833 
58 50000 397 80 510 940 163 723 212 817 419 882 966 493 912 542 788 605 1043 984 549 144 
59 38000 1064 246 844 1074 796 1488 2043 1412 1213 1553 173 169 391 1231 1991 1623 2055 859 1715 2096 172 581 626 64 541 2112 1446 141 1984 1596 1438 583 619 1105 2047 1351 799 1217 239 503 1532 975 1152 1657 1156 
60 44000 2377 2644 1631 488 696 2057 1274 2242 2483 2101 770 2264 159 1352 342 1526 2062 750 993 2156 1115 875 2 88 133 616 1843 650 548 1228 851 124 578 288 674 528 1376 174 624 2104 2132 1021 937 2149 1298 1681 1354 2181 1869 2201 999 725 1622 
61 44000 493 978 1017 865 402 518 860 675 665 656 616 441 704 86 305 935 544 100 894 969 
62 31000 587 858 899 834 596 280 221 379 1017 426 820 994 752 320 84 467 498 535 275 558 
63 26000 305 263 361 677 159 1042 212 343 523 28 214 346 316 586 328 671 812 419 235 754 
64 57000 149 668 1832 1058 1327 698 2254 431 1666 788 1707 1958 1502 331 1066 1538 1239 1222 1501 2232 1098 230 1617 1302 1201 1614 385 2175 1750 393 1235 1867 364 937 1114 5 338 1497 1860 566 1428 376 695 
65 22000 349 268 857 32 575 878 731 639 632 490 781 463 184 164 642 524 492 768 1053 330 
66 54000 486 884 663 678 328 276 221 591 819 181 72 252 613 109 786 968 794 821 578 677 
67 42000 131 218 469 226 240 211 89 412 52 466 44 65 595 596 1015 499 742 142 12 591 
68 57000 536 1689 1237 875 443 1046 633 1690 499 699 725 1184 1429 1195 1446 160 1370 1586 385 920 549 1199 1103 517 1460 250 848 1202 590 868 598 1534 1079 1762 
69 50000 1144 1368 196 319 1186 1399 582 1480 1052 931 57 901 1009 974 77 180 508 1436 324 1335 1042 878 428 308 933 629 715 1352 
70 58000 2255 2449 585 1998 734 798 579 636 1439 639 1665 1440 1633 37 132 2841 2062 1260 1842 2864 259 1448 2683 1824 2554 146 622 1276 62 923 1101 539 1734 1807 779 1972 802 1506 2029 1507 1474 2386 975 2261 2308 1688 1168 267 304 1201 2544 2281 995 1450 2060 
71 30000 265 967 820 84 16 280 737 507 1049 1016 959 198 839 949 94 445 605 52 1002 362 
72 38000 496 762 825 450 152 434 539 530 311 557 234 862 388 351 521 1059 564 414 836 964 
73 46000 1402 627 1738 40 3029 2537 2942 1989 729 2072 2015 2202 246 2767 1646 1949 749 649 799 2966 1698 1161 672 457 2383 2361 3075 2454 2565 2773 1475 748 1658 667 666 2293 1630 2757 1027 22 434 2598 184 322 2024 421 974 282 1781 1967 1862 1170 1373 992 1190 1521 2660 1827 1963 
74 33000 149 781 662 919 635 40 588 707 319 639 568 446 926 434 873 1025 778 735 139 128 
75 30000 188 797 186 614 910 237 197 609 286 397 915 975 694 46 281 22 20 808 73 893 
76 70000 291 163 451 759 217 268 710 861 750 749 855 819 327 934 653 864 795 984 365 59 
77 46000 135 1312 827 19 746 452 970 1536 656 1034 754 910 189 484 881 420 427 1434 547 1343 336 841 522 115 381 1221 1367 1275 1511 650 
78 47000 8 216 61 537 140 171 249 519 324 313 808 675 866 961 630 493 386 424 15 510 
79 45000 989 229 1077 559 474 468 566 688 870 1051 332 894 1048 13 629 202 729 986 1053 946 383 497 
80 63000 651 789 341 54 702 361 1037 719 413 255 461 53 77 262 371 754 400 594 1050 856 
81 50000 379 776 173 427 874 911 451 321 590 1075 228 257 728 623 488 226 72 318 788 947 328 111 
82 27000 95 1035 274 366 315 438 60 955 921 1022 374 753 935 399 185 953 66 642 578 1041 
83 24000 308 811 218 1027 100 557 967 137 949 396 4 1021 103 369 542 211 559 836 908 832 
84 39000 359 647 280 498 157 103 530 1009 300 596 798 131 176 735 453 298 693 383 568 1020 
85 27000 395 918 936 247 409 542 477 515 378 962 255 134 35 588 229 532 916 209 563 518 
86 46000 188 214 425 622 333 226 992 242 579 515 858 39 729 45 586 562 745 808 296 978 
87 36000 437 273 491 13 759 671 572 99 75 490 992 205 266 752 382 130 414 174 418 279 
88 43000 730 106 753 630 443 267 397 819 876 137 901 386 216 493 781 900 884 967 140 1030 
89 51000 55 337 830 443 255 1001 117 330 153 961 151 811 727 728 976 575 171 164 667 463 
90 40000 163 808 794 831 26 35 240 987 68 375 875 572 335 514 56 493 201 18 524 219 
91 56000 178 113 803 896 969 359 933 34 362 715 918 154 487 723 372 259 941 414 212 167 
92 47000 863 215 618 45 430 793 118 835 691 744 102 263 353 279 1010 170 37 680 852 352 
93 34000 24 914 171 737 516 433 647 594 588 903 638 275 260 371 533 196 862 126 432 1036 
94 38000 2802 2155 731 700 973 1075 2270 1757 2009 261 1263 106 1426 69 1101 77 508 1297 599 2250 2471 1701 1415 2204 2311 137 397 2159 1244 2375 2345 2162 48 1649 1272 2376 2237 1884 770 2327 1956 1496 995 1977 2026 2410 2234 309 1019 1018 825 44 850 
95 31000 449 395 612 308 304 98 137 269 330 453 875 83 525 5 801 150 483 97 526 422 
96 41000 467 482 634 168 345 508 752 178 422 1055 1013 252 872 402 349 231 774 603 35 661 
97 38000 923 1699 1189 642 1568 2657 1629 2772 1945 2975 330 822 2288 1850 1793 515 85 2753 1819 2963 2482 2371 1693 1507 377 134 17 896 3005 2539 598 1547 165 1915 717 1167 1691 1899 2712 2992 495 14 1033 1801 898 559 2542 624 1095 729 265 505 1063 1213 573 776 1220 
98 52000 402 715 452 74 703 702 683 180 339 859 252 359 987 265 716 259 684 471 565 79 
99 20000 210 881 993 1000 223 362 451 110 575 493 271 1012 467 801 684 1056 685 241 290 1037 
100 34000 705 891 105 398 495 426 50 334 237 33 112 467 1014 206 1001 401 261 127 130 38 
101 67000 878 169 207 606 89 161 883 846 671 803 187 682 304 8 205 335 183 43 373 744 
102 18000 270 1055 663 1036 395 927 561 524 249 307 91 482 470 627 625 117 726 641 898 516 
103 36000 1015 1011 621 379 937 906 440 212 247 91 572 286 239 806 667 434 218 1001 276 560 
104 32000 498 173 753 1025 690 828 16 900 114 513 344 847 811 275 372 879 1020 1051 330 280 
105 42000 655 949 368 665 434 540 892 620 658 218 770 276 1011 71 433 6 114 267 928 219 
106 51000 686 110 476 906 223 486 352 1046 776 964 986 526 740 378 801 614 759 424 336 684 
