35000
14
1 4000 55 10 88 53 90 11 87 36 85 54 51 37 74 7 123 5 125 107 104 
2 5000 113 20 144 76 134 83 142 135 163 29 67 66 2 56 27 107 17 162 60 9 34 150 94 1 
3 6000 130 15 98 145 5 166 23 125 36 136 16 24 2 103 62 42 72 55 124 163 50 105 17 38 114 56 156 135 
4 3000 128 37 20 103 73 79 41 12 154 18 108 65 148 4 15 32 10 58 3 62 95 35 
5 4000 51 46 112 126 28 132 23 129 144 5 155 172 70 92 109 60 69 20 43 61 100 31 59 4 141 
6 6000 145 12 109 80 48 133 97 28 42 67 105 143 120 79 21 73 82 5 89 66 71 70 77 170 100 50 
7 3000 62 124 37 70 6 114 1 132 136 25 68 133 5 34 22 120 77 110 69 60 
8 7000 162 49 126 88 150 123 190 215 59 17 193 139 194 115 136 111 117 177 145 171 155 170 201 178 119 192 160 132 24 172 83 
9 5000 57 146 166 1 33 83 95 116 110 141 19 100 89 49 152 50 48 28 20 9 27 47 86 88 
10 3000 26 53 59 16 55 4 78 38 11 3 73 22 68 70 
11 3000 3 78 45 77 16 73 48 33 81 68 75 5 
12 2000 57 80 50 5 91 58 17 77 25 51 78 16 48 
13 3000 68 91 20 42 35 105 93 49 34 112 5 78 10 6 103 63 70 
14 2000 54 67 77 55 38 47 32 43 39 13 48 
